61109237
541824967
559968746
573577542
585558935
690180813
692793335
693861038
710656108
743758961
817149828
873370601
1019659795
1038020619
1055911477
1066179841
1075749338
1112348321
1125462637
1158160149
1190392910
1251493667
1261261816
1310187102
1344070425
1375456480
1424860992
1430583915
1580441550
1657187350
100000179882330
100000522638891
100000608973375
100000898930808
100000960173811
100000965987762
100001125854667
100001274215411
100001509096997
100001581050746
100001963267486
100002197840023
100003191304457
100003365291466
1306471050
1497845438
1095465451
1161655931
1627971805
648634888
100007515973457
749124671
825005463
100001941425172
1531773717
100000116411121
1065168964
1459457584
100000887595652
657888981
616598413
100001717728140
100000103309401
1610912298
609089427
703783084
691189369
813409372
749808992
617895772
6955862551
100000478688054
1098135241
100001136021999
100000416110628
701690233
1112014441
1121053728
100004899370677
522233671
701132130
1003302277
659048644
1102745674
591131999
583058332
1074069896
510417314
1064101970
590025543
719088992
100000968024483
560137976
1181634022
1235513049
616455612
1169016179
672534632
534863183
1377150784
100000592414571
614489748
1010242426
100000016237222
100001877681807
1197668633
1045445143
100000282481241
100005943159320
1412828959
1593233989
100000345003134
623475496
100001477968395
619056060
1108250759
504852269
1706487174
1685583400
1586959931
800037146
100001201374546
1241611001
1131390494
100001160325187
1503340778
1460766000
100000075454057
1129553246
1318160661
1533187259
1437938769
1174944842
1121285469
100003021109146
1539137460
100000554485274
100000310110406
1296335284
1082281263
1193220174
1650341766
1056062700
1283131342
1113415539
100002034836567
1053060588
1749469633
100002550980129
1403410804
100000074505307
1634227251
1312127583
1547375828
529962496
1227385657
1593466968
100000465422489
100000301925902
781140465
100000325851388
100006566713477
648287386
1500526459
100000482528901
1318143269
506163642
1564137664
1444305378
619653759
1651805400
100000198167326
100000138705081
21723274
100000539890500
1682283699
1682301933
718862883
100000703932913
1804806581
1389345500
590362282
100000562221161
23710594
100003168106916
584191900
607124851
100000869132191
1539694352
1321586476
1242064101
1082391175
1262493787
1303184038
100000550912730
848165626
100000579455567
1096980597
1680499250
1230489018
100000171303001
1599921923
100001960387698
100000350367214
100000164050126
506006088
816564044
1423087577
510950350
690610142
1307946451
661843449
566656797
689306891
1552573898
611030026
100004694290792
1407214015
1607816382
530235153
843160706
823139708
654846003
1173048663
100001162235114
841120234
567531992
1229153692
100001205384200
719674186
1449037350
1498671315
1045398474
600783779
100002848773400
783738599
1784586667
711091981
705106078
1844226921
100004665940429
545493304
552912609
100003442170261
564638570
1160782646
592531311
526262016
1060557109
100006523817818
1468786419
100001625654663
1274769433
100003093210407
100000183029391
100000489234244
638121214
100000104803015
100006919503287
1537838001
1605472419
1235047787
1027861384
1659102237
100000361380158
100000139058201
1387224101
100000673707224
100000830506814
1557016906
100000232432738
1582793769
100000739206027
1648967078
1396230986
1741161723
100002578764979
100000046333312
1396532026
100001419346703
1411964975
621843551
100002085740513
1233844801
698297196
1197216438
1301347749
100003956437176
1380825674
100000342077646
100003051433805
1019513547
1524793011
1410723049
100000309261491
100000679553239
640040679
100000015956021
833334238
100006701161621
1608589528
100003920290837
1790527883
100001048219090
100001564610489
1803618426
100003265148852
1588896929
100003920765809
762169325
100000095481498
100000574506224
1100989049
100000551339139
100004718772511
100000441540076
100000468064913
100002667155280
1223177933
100001278562671
1189964278
100000458157470
594810203
100001410806846
100000093156788
100001026075234
1665535704
100000370372192
1283958736
1500117300
1508156923
713593310
100000960064906
100000136311731
1666397376
502736700
1615470785
100000285168663
1384910354
100006328502337
100005458175648
1730350852
1074652922
100001762844063
1243718044
1046580605
100001453635307
100000479185721
538595170
100001565520650
100001514376727
100002432920528
514993888
1176005604
100001201093318
100000731554878
1775208959
100000304331611
100000793087449
100000591944284
1379179559
1833513775
1463774660
100001201950876
1836814765
100005868486943
1409980381
100000518370679
515696671
598032344
100000800627007
100001100493123
1710206973
100000740597825
1522311416
100002722956286
1418790827
100003283668620
1462490331
100002433525698
1651225787
1471581119
604326462
1351083668
1213332365
1027352205
1213369980
100003959491158
1525187459
1209023695
1152039668
100007089943450
1179633465
1605213144
1258982270
100000211145166
1499153204
4300036
1672713344
1214977872
1332158394
1347537021
25913266
100000112906852
1593811347
560548670
100000186325570
542167083
1244782005
100000428587991
100004027880447
27209747
1297594699
645461568
1330597643
100005760880020
1467708943
100000565531108
1512930513
100002372936357
100000470835677
1080215689
1791167013
668691800
100003491055757
100000685463612
1529944910
1204860919
500772556
506409377
1124685429
1488759149
1285132811
100001764641936
100000213274068
100001533585485
1397494655
684463790
714131699
1487300632
1133180834
100001729376358
100001277166224
100003339527212
1615635181
1570555015
100003294385303
1418561385
1639445038
772919133
100000068766764
1626815301
100000452484062
1443013829
100004365760473
1334134315
1277283250
1598434290
1366149698
100000483495476
621985297
1284697469
100000764911720
100004268794913
790000412
1665099480
100002137953438
1315895738
1215335196
573161209
612131247
1777614640
100003033530944
100000030315530
100003153842412
1473259049
1020333470
100002849352155
1658142437
768410424
1320502335
100000361626287
566312798
1415678218
1498311072
528436932
100001349495636
100004204595700
100000279574596
1228072095
1274674472
1628993504
1407017664
1245361838
1733129095
1344819867
100003964503012
1454766537
1060793364
10204301
100002460708400
47912640
1159666380
100000316091386
635533605
700397992
47900776
100001924244461
100002674925909
100004424076019
100002590914653
100001858402843
100003265077108
100005214813018
100000519893377
100000114137508
100002252333427
1381898319
100002204201542
100004089705191
100001137005087
100006592272976
1543530371
100000511735409
100002085927033
100002097615930
100005759972378
1084489810
503850338
1326086270
100000841366429
695994352
100002310331767
1104287249
100006348968989
656035613
100003112460556
739268688
100001675867982
1370834178
100002188005006
100004631911173
100000776335433
100002776297888
100006052633589
100003772939949
1536698270
1536096309
100000636489526
673153139
100002680267907
100001519028924
100000723797585
606217455
100000674907911
100003120552548
100000198732049
100003161119623
1307748284
100002073799148
100001077617332
672883812
100000247073164
100000676263112
1394721400
100003045018897
1076730063
1757775192
100000610325485
1168302694
1499401150
1243659947
100003083468127
100000934268398
526451889
100003758944543
672727881
1206614801
1371964114
100000567971316
1536167852
1442479946
843390248
1528145199
100005867910721
100002346197697
100001475739983
1114308313
100007010500226
216021
1093659085
100001198947500
1018682709
1157315813
100001540087955
1423509511
1169070841
1135321922
1102554485
1116187217
1099923966
100000616705351
100001430402295
1121448941
100004186903101
1347383075
691882119
1533889670
1324626529
100003723047084
1096586541
100000084901642
100000238240432
100001460704304
1670494733
100000627971327
835283216
1224703530
1221706586
100000530322832
1525201700
810888257
100000533569097
1437657869
100001870804073
612264720
100000695316470
1532894087
100000736849119
100000341305804
1599765957
1443114857
1509998436
523961817
782458537
100005221476203
1478716919
1621314370
